//[1, 1, 1, 1, 0, 1, 0, 0, 1, 0, 0, 1, 1, 1, 0, 0, 1, 0, 1, 1, 1, 1, 1, 0, 0]
//[0, 1, 1, 0, 0, 1, 0, 1, 0, 1, 0, 1, 1, 0, 1, 0, 1, 0, 1, 1, 1, 0, 1, 0, 0]
//[1, 0, 0, 0, 1, 0, 0, 1, 1, 1, 0, 1, 1, 0, 1, 0, 1, 1, 1, 1, 1, 1, 1, 1, 0]
//[0, 0, 1, 1, 1, 0, 0, 0, 1, 0, 1, 0, 0, 0, 0, 0, 0, 1, 1, 0, 0, 0, 0, 0, 1]				[1, 11, 8, 7, 1]
//[1, 0, 0, 0, 1, 1, 0, 0, 0, 0, 0, 0, 0, 1, 0, 0, 0, 0, 0, 1, 0, 0, 1, 1, 0]


// Filter matrix 
// [11, 7, 2, 0, 9]

// [1, 8, 3, 10, 2]

// [3, 6, 4, 0, 5]

// [11, 1, 3, 4, 6]

// [1, 11, 8, 7, 1]


PS INDEX :: 1  2  3  4  5  6 7  1   2  3  4  5  6  7  1  2  3  4  5  6  7  
Index ::    1  2  3  4  5  6 7  8   9 10 11 12 13 14 15 16 17 18 19 20 21

PE1 OPs -- 20 29 18 13 16 11 2 16  20 11 9  20 27 11 11 16 22 18 29 20 20
PE2 OPs -- 11 11 11 5  18 6  18 6  20 14 13 19 6  18 6  20 16 21 14 19 4
PE3 OPs -- 8  0  4  11 8  9  10 18 14 7  15 9  12 11 12 15 18 18 18 18 13
PE4 OPs -- 13 8  15 12 17 4  9  5  14 1  11 0  0  6  10 7  4  12 11 0  6
PE5 OPs -- 2  8  15 19 12 1  0  0  0  1  7  8  11 1  0  1  7  8  12 9  15

PSUM OP -- 54 56 63 60 71 31 39 45 68 34 55 56 56 47 39 59 67 77 84 66 58

Residue -- 54 56 63 60 7  31 39 45 4  34 55 56 56 47 39 59 3  13 20 2  58
OP Spike-- 0  0  0  0  1  0  0  0  1  0  0  0  0  0  0  0  1  1  1  1  0